Time	User%	Sys%	Wait%	Idle%	CPU%
1	3.3	4.4	0.7	91.7	7.7
2	0.7	1	0	98.3	1.7
3	1.1	3.5	0	95.5	4.6
4	1.6	4	0	94.4	5.6
5	1.8	4.6	0.2	93.5	6.4
6	1.4	2.1	0	96.6	3.5
7	0	1.5	0	98.5	1.5
8	0.5	1	0	98.5	1.5
9	0.9	2.5	0	96.6	3.4
10	7.4	3.9	4.4	84.3	11.3
11	13.5	5.8	8.4	72.3	19.3
12	21.4	3.1	1.7	73.8	24.5
13	20.3	3.4	2.5	73.8	23.7
14	19.7	3.2	3.4	73.6	22.9
15	20.2	3.7	3.2	72.9	23.9
16	15.2	4.7	6	74.1	19.9
17	17	4.4	4.4	74.1	21.4
18	9	9.3	9.3	72.4	18.3
19	5.9	8.4	11.9	73.8	14.3
20	7.6	9.6	8.4	74.4	17.2
21	4.3	5.2	1.9	88.6	9.5
22	2	0.7	0	97.3	2.7
23	1.5	4.7	0	93.8	6.2
24	0.7	1.2	0	98.1	1.9
25	1	1.2	0	97.8	2.2
26	1.4	2.3	0	96.3	3.7
27	10	1	0.2	88.8	11
28	24.1	1.5	0	74.4	25.6
29	25.2	1	0	73.8	26.2
30	24.9	0.5	0	74.6	25.4
31	25.4	0	0	74.6	25.4
32	25.3	0.5	0	74.2	25.8
33	24.1	1.5	0.2	74.2	25.6
34	24	1.2	0.2	74.6	25.2
35	25.1	1.7	0.2	73	26.8
36	11.6	14.9	0.5	73	26.5
37	1.5	25.6	0	72.9	27.1
38	15.3	29.4	0.5	54.9	44.7
39	19.5	5.9	3.6	71	25.4
40	7.2	13.3	8.6	70.9	20.5
41	11.6	16.4	6.1	65.9	28
42	10.5	22.1	6.9	60.6	32.6
43	7.9	10.1	2.2	79.9	18
44	14.9	5.1	0	80	20
45	11.7	6.6	0	81.7	18.3
46	16.2	5.7	0	78.1	21.9
47	16.6	6.1	0.2	77	22.7
48	24	1.7	0.2	74	25.7
49	24.4	1.2	0	74.4	25.6
50	24.6	1.7	0	73.6	26.3
51	24.9	0.5	0	74.6	25.4
52	25.2	0.5	0	74.3	25.7
53	25.1	0.5	0	74.4	25.6
54	25.4	0	0	74.6	25.4
55	25	0.7	0	74.3	25.7
56	25.1	0.2	0.2	74.4	25.3
57	25	0.7	0	74.3	25.7
58	24.8	0.5	0	74.8	25.3
59	25.2	0.7	0	74.1	25.9
60	24.4	0.7	0	74.8	25.1
61	25	1	0	74	26
62	25.2	1.2	0.2	73.3	26.4
63	25.1	0.5	0	74.4	25.6
64	22.5	2.2	0	75.3	24.7
65	12	10.6	0	77.4	22.6
66	10.7	8	0	81.2	18.7
67	9.7	6.9	0	83.4	16.6
68	11.3	9	0	79.7	20.3
69	13.1	6.9	0	80	20
70	12.3	5.1	0	82.6	17.4
71	16.1	5	0.2	78.6	21.1
72	25.3	1.9	0	72.9	27.2
73	25.1	1	0	73.9	26.1
74	24.6	1	0	74.4	25.6
75	25.1	0.5	0	74.4	25.6
76	24.6	0.7	0.2	74.4	25.3
77	25.1	0.5	0	74.4	25.6
78	25.1	0.5	0	74.4	25.6
79	25.1	0.2	0	74.6	25.3
80	25.2	1	0	73.8	26.2
81	24.9	0.5	0	74.6	25.4
82	25.1	1	0.2	73.6	26.1
83	25.4	1	0	73.7	26.4
84	25.1	0.2	0	74.6	25.3
85	25	0.7	0	74.3	25.7
86	24.9	0.5	0	74.6	25.4
87	24.7	1.2	0	74.1	25.9
88	24.6	1	0	74.4	25.6
89	24.7	0.7	0	74.6	25.4
90	24.5	1.2	0	74.3	25.7
91	25.2	0.2	0	74.6	25.4
92	24.8	1	0	74.3	25.8
93	25.4	0.2	0	74.4	25.6
94	23.6	2.2	0	74.2	25.8
95	25.4	0.5	0	74.1	25.9
96	24.9	1	0	74.1	25.9
97	20.7	3	3.2	73.2	23.7
98	14.6	13.1	2.4	69.9	27.7
99	12.6	10.8	0	76.6	23.4
100	12.7	10	0	77.2	22.7
101	13.7	8.6	0	77.7	22.3
102	10.2	10.9	0	78.8	21.1
103	10.2	6	0.5	83.2	16.2
104	10.3	5.8	0	83.9	16.1
105	10.9	5.3	0	83.8	16.2
106	15.2	3.8	0.5	80.5	19
107	24.9	0.2	0	74.8	25.1
108	24.9	1.2	0	73.9	26.1
109	25.2	0.7	0	74.1	25.9
110	24.7	0.7	0	74.6	25.4
111	24.9	0.7	0	74.4	25.6
112	25.2	0.5	0	74.3	25.7
113	24.8	1.5	0	73.8	26.3
114	24.9	0.2	0	74.8	25.1
115	24.6	2	0	73.5	26.6
116	25	0.7	0.2	74	25.7
117	24.9	0.2	0	74.8	25.1
118	25	0.7	0	74.3	25.7
119	25.5	1	0	73.6	26.5
120	24.9	0.5	0	74.6	25.4
121	25.4	0.5	0	74.1	25.9
122	24.8	1	0	74.2	25.8
123	25.4	0.2	0	74.4	25.6
124	24.9	0.5	0	74.6	25.4
125	25.1	0.2	0	74.6	25.3
126	25.1	0.5	0.2	74.2	25.6
127	25.1	0.5	0	74.4	25.6
128	24.8	0.7	0	74.4	25.5
129	25.1	0.5	0	74.4	25.6
130	25	0.7	0	74.3	25.7
131	24.6	1.7	0	73.6	26.3
132	25.1	0.5	0	74.4	25.6
133	25	0.7	0	74.3	25.7
134	25.1	0.5	0	74.4	25.6
135	24.1	1.5	0	74.4	25.6
136	24.1	1.7	0	74.2	25.8
137	24.9	0.5	0	74.6	25.4
138	24.8	1	0	74.2	25.8
139	25.4	0.5	0	74.1	25.9
140	24.9	1.5	0	73.6	26.4
141	25.3	0.7	0.2	73.7	26
142	25.2	0.5	0	74.3	25.7
143	18.8	5.9	0	75.3	24.7
144	22	2.8	0	75.1	24.8
145	25.1	0.5	0	74.4	25.6
146	25.2	0.7	0	74	25.9
147	25.1	0.5	0	74.4	25.6
148	24.9	0.5	0	74.6	25.4
149	23.5	1.5	0	75.1	25
150	11.3	8.9	0	79.8	20.2
151	12.5	9.8	0.2	77.5	22.3
152	12.6	11.8	0	75.6	24.4
153	11.9	8.5	0	79.6	20.4
154	12.2	6.2	0	81.6	18.4
155	11.5	5.5	0	83	17
156	11	6.1	0.2	82.6	17.1
157	12.3	5	0	82.7	17.3
158	20.3	3.2	0.2	76.2	23.5
159	25.3	1	0.2	73.5	26.3
160	26.3	1.7	0.5	71.5	28
161	25	0.7	0	74.3	25.7
162	25.4	0.2	0	74.3	25.6
163	25.4	0.7	0	73.9	26.1
164	24	1	0.2	74.8	25
165	25.2	0.7	0	74	25.9
166	24.8	0.7	0.2	74.2	25.5
167	24.3	1	0	74.7	25.3
168	18.5	4.9	0.2	76.3	23.4
169	13.6	8.9	0	77.5	22.5
170	12.3	8.6	0	79.2	20.9
171	12	10.5	0	77.5	22.5
172	10.8	9.8	0	79.4	20.6
173	11	6.2	0.2	82.5	17.2
174	10.7	4.6	0	84.7	15.3
175	18.5	4.2	0.2	77	22.7
176	24.9	0.7	0	74.4	25.6
177	24.8	1	0	74.2	25.8
178	24.6	1	0	74.4	25.6
179	24.9	0.5	0	74.6	25.4
180	24.5	2.1	0	73.3	26.6
181	24.8	1.2	0	74	26
182	25.1	0.2	0	74.6	25.3
183	24.9	1.2	0	73.8	26.1
184	24.9	0.2	0	74.8	25.1
185	25.2	0.5	0.2	74	25.7
186	24.9	0.5	0	74.6	25.4
187	25.1	0.2	0	74.6	25.3
188	25.3	0.5	0	74.2	25.8
189	25.1	0.2	0	74.6	25.3
190	25.3	0.2	0	74.4	25.5
191	25.1	0.7	0	74.2	25.8
192	24.9	0.5	0	74.6	25.4
193	25.2	0.7	0	74.1	25.9
194	25.1	0.2	0	74.6	25.3
195	25.1	0.7	0	74.2	25.8
196	24.9	1	0.2	73.9	25.9
197	25.1	1	0	74	26.1
198	24.8	0.7	0	74.4	25.5
199	25.1	1	0	73.9	26.1
200	25.1	0.5	0	74.4	25.6
201	25.1	0.7	0	74.2	25.8
202	24.9	0.5	0	74.6	25.4
203	25.1	1	0	73.9	26.1
204	24.9	0.2	0	74.8	25.1
205	19.3	5.2	0	75.6	24.5
206	22.6	1.2	0.2	76	23.8
207	25.1	0.5	0	74.4	25.6
208	25.1	0.5	0	74.4	25.6
209	24.9	0.7	0	74.4	25.6
210	11.3	7.4	0	81.3	18.7
211	8.6	7.9	0	83.5	16.5
212	12.3	10	0	77.7	22.3
213	10.3	6.3	0	83.4	16.6
214	11.2	5.3	0	83.5	16.5
215	11.6	4.8	0	83.5	16.4
216	17.8	3.5	0.2	78.5	21.3
217	25	0.7	0	74.3	25.7
218	14.6	6.9	0	78.5	21.5
219	14.3	9.6	0	76.2	23.9
220	13.3	9.6	0	77.1	22.9
221	13.4	9.9	0	76.7	23.3
222	14.7	10.8	0	74.5	25.5
223	12.5	12.3	0	75.2	24.8
224	7	9.7	0	83.3	16.7
225	3.3	7.2	0	89.5	10.5
226	3.7	8.1	0	88.2	11.8
227	4	8.3	0	87.7	12.3
228	4.5	8.5	0	87	13
229	3.6	8.1	0	88.3	11.7
230	4	7.8	0	88.1	11.8
231	3.1	6.7	0.3	89.9	9.8
232	3.1	7.2	0	89.8	10.3
233	3.1	6.2	0	90.6	9.3
234	3.1	7.9	0	89	11
235	2.6	7.8	0	89.7	10.4
236	3.8	7.4	0	88.8	11.2
237	2.4	6.6	0	91.1	9
238	3.6	8.6	0	87.8	12.2
239	3.1	7.9	0	89	11
240	2.6	7.3	0	90.1	9.9
241	2.3	7.5	0	90.2	9.8
242	2.6	6.8	0	90.6	9.4
243	4.3	7.6	0	88.2	11.9
244	4.3	8.3	0	87.4	12.6
245	2.8	9.1	0	88.1	11.9
246	4.1	7.4	0.3	88.3	11.5
247	11.4	5.7	0	82.8	17.1
248	13	11.5	0.2	75.2	24.5
249	13.3	11.6	0	75.1	24.9
250	13.5	12.1	0	74.4	25.6
251	13.2	11.8	0	75	25
252	10.9	5.6	0.3	83.3	16.5
253	8.8	6.1	0	85.1	14.9
254	8.9	5.3	0	85.8	14.2
255	10.4	6.2	0	83.4	16.6
256	19	3.7	0	77.3	22.7
257	25.2	0.5	0	74.3	25.7
258	19.5	5.9	0	74.6	25.4
259	13.2	11.5	0	75.2	24.7
260	14.3	10.4	0	75.3	24.7
261	6.6	7.2	0.3	85.9	13.8
262	5.1	7.6	0	87.4	12.7
263	5.5	7.7	0	86.8	13.2
264	4.5	8.1	0	87.4	12.6
265	6	6.8	0	87.2	12.8
266	5	7.3	0	87.7	12.3
267	4.9	6.4	0	88.7	11.3
268	4	8.3	0	87.6	12.3
269	4.3	6.6	0	89.1	10.9
270	5.5	7.1	0	87.4	12.6
271	4.4	7.2	0	88.4	11.6
272	4.8	8.1	0	87	12.9
273	3.6	7.2	0	89.3	10.8
274	3.6	7	0	89.4	10.6
275	4.1	6.4	0	89.5	10.5
276	4.5	8	0.3	87.2	12.5
277	5.7	8.7	0	85.6	14.4
278	3.6	6	0	90.4	9.6
279	4.4	6.7	0	88.9	11.1
280	5.6	6.4	0	87.9	12
281	4.3	7.7	0.3	87.7	12
282	20.4	3	0	76.6	23.4
283	26.2	0.7	0	73.1	26.9
284	24.7	0.7	0	74.6	25.4
285	25.2	0.7	0	74.1	25.9
286	24.8	0.7	0.2	74.2	25.5
287	25.1	0.5	0	74.4	25.6
288	24.5	1.2	0	74.3	25.7
289	25.3	0.5	0	74.2	25.8
290	23.7	1.2	0	75.1	24.9
291	24.1	0.5	0.5	74.9	24.6
292	13.8	10.1	0	76.2	23.9
293	12.8	10.3	0	76.8	23.1
294	10.7	5.5	0	83.8	16.2
295	10.2	6.2	0.2	83.2	16.4
296	10.8	5.5	0	83.8	16.3
297	11.8	5.3	0	83	17.1
298	18.8	2.5	0	78.8	21.3
299	25.2	0.5	0	74.3	25.7
300	14.9	8.7	0	76.5	23.6
301	8.1	7.6	0	84.3	15.7
302	8.8	5.3	0	85.9	14.1
303	8.1	5.8	0	86.1	13.9
304	7.3	7.1	0	85.6	14.4
305	8.2	5.9	0	85.9	14.1
306	10.5	5.8	0.3	83.5	16.3
307	25.1	0.5	0	74.4	25.6
308	25.4	0.7	0	73.8	26.1
309	25.1	0.5	0	74.4	25.6
310	24.8	1	0	74.3	25.8
311	20.6	4.4	0.2	74.8	25
312	12.8	13	0	74.2	25.8
313	12.2	12	0	75.8	24.2
314	12.8	11.3	0	75.9	24.1
315	12.7	12.5	0	74.8	25.2
316	14.4	10.1	0	75.5	24.5
317	13.2	12	0.7	74	25.2
318	13.8	11.1	0	75.2	24.9
319	14.3	11.3	0	74.4	25.6
320	13.8	11.5	0	74.7	25.3
321	14.3	10.4	0	75.3	24.7
322	13.7	11.7	0	74.6	25.4
323	14.5	10.6	0	74.9	25.1
324	14.5	11	0	74.5	25.5
325	10.9	10.2	0	78.9	21.1
326	4.6	7.6	0	87.8	12.2
327	3.8	8.1	0	88.1	11.9
328	3.7	8.3	0	88	12
329	4.3	7.8	0	87.9	12.1
330	4.8	7.3	0	87.9	12.1
331	5.5	7.7	0.2	86.6	13.2
332	4.1	7.8	0	88.1	11.9
333	4.3	7.1	0	88.5	11.4
334	5.7	7.7	0	86.5	13.4
335	4.5	8.1	0	87.4	12.6
336	5.3	8	0	86.7	13.3
337	5.8	7	0	87.2	12.8
338	5.5	7.3	0	87.2	12.8
339	13	4.8	0	82.2	17.8
340	25.2	0.7	0	74.1	25.9
341	24.6	0.7	0.2	74.4	25.3
342	25.5	0.5	0	74	26
343	25.1	0.5	0	74.4	25.6
344	27	1.2	0	71.8	28.2
345	25.9	1.6	0	72.6	27.5
346	25	0.7	0	74.3	25.7
347	24.4	1.2	0	74.4	25.6
348	24.8	0.7	0	74.4	25.5
349	20.5	1	0	78.5	21.5
350	25.1	0.7	0	74.2	25.8
351	18.3	3.7	0.2	77.8	22
352	10.6	10.3	0	79.1	20.9
353	11.8	11.3	0	76.8	23.1
354	11.6	11.1	0	77.3	22.7
355	11.8	10.3	0	77.8	22.1
356	12.6	9.4	0.2	77.8	22
357	12.8	11.8	0	75.4	24.6
358	14.4	8.4	0	77.2	22.8
359	11.6	10.1	0	78.3	21.7
360	14	9.1	0	77	23.1
361	4	5.8	0	90.2	9.8
362	4.9	6.7	0	88.3	11.6
363	4.4	5.7	0	89.9	10.1
364	5.1	7.6	0	87.4	12.7
365	4.9	6.9	0	88.2	11.8
366	3.6	7.7	0.3	88.5	11.3
367	4.2	9	0	86.8	13.2
368	5.3	8	0	86.7	13.3
369	4.8	7.8	0	87.4	12.6
370	6.5	8	0	85.6	14.5
371	5.8	8.5	0	85.7	14.3
372	4.6	8.1	0	87.3	12.7
373	3.8	8.6	0	87.6	12.4
374	4.8	7.8	0	87.4	12.6
375	4.4	6.7	0	88.9	11.1
376	4.8	7.6	0	87.6	12.4
377	4.6	8	0	87.3	12.6
378	6.9	5.6	0.3	87.3	12.5
379	25	1	0	74	26
380	25.4	0.2	0	74.4	25.6
381	24.9	0.5	0	74.6	25.4
382	25.3	0.2	0	74.4	25.5
383	25.1	0.5	0	74.4	25.6
384	24.9	1	0	74.1	25.9
385	25.1	0.7	0	74.2	25.8
386	25	2.2	0	72.8	27.2
387	15.3	7.9	0	76.8	23.2
388	13.5	8.1	0	78.3	21.6
389	13	11	0	76	24
390	13.4	9	0	77.5	22.4
391	11.4	7.7	0.2	80.7	19.1
392	11.1	10.1	0	78.9	21.2
393	12.1	12.3	0	75.6	24.4
394	8.8	7.1	0	84.1	15.9
395	9.5	7.3	0	83.2	16.8
396	8.2	8.2	0	83.5	16.4
397	9.2	6.2	0	84.5	15.4
398	9.1	6.3	0	84.6	15.4
399	7.3	7.6	0	85.1	14.9
400	9.2	7.9	0	82.9	17.1
401	7.9	7.4	0.3	84.5	15.3
402	25	1	0	74	26
403	25.1	0.5	0	74.4	25.6
404	24.6	1.2	0	74.1	25.8
405	24.6	1	0	74.4	25.6
406	26.7	1	0.2	72.1	27.7
407	25.1	0.5	0	74.4	25.6
408	25	0.7	0	74.3	25.7
409	24.9	0.2	0	74.8	25.1
410	25.1	0.5	0	74.4	25.6
411	25.1	0.5	0	74.4	25.6
412	24.9	0.7	0	74.4	25.6
413	25	1	0	74	26
414	24.9	1.5	0	73.7	26.4
415	25.1	0.5	0	74.4	25.6
416	17.4	7.3	0.2	75.1	24.7
417	14	10.6	0	75.4	24.6
418	12.5	10.8	0	76.8	23.3
419	12.8	9.1	0	78.1	21.9
420	13.4	10	0	76.5	23.4
421	12.6	11.6	0.2	75.6	24.2
422	12.5	12.5	0	75	25
423	13.1	10.9	0	76	24
424	14.5	8.4	0	77.1	22.9
425	12.8	12.3	0	74.9	25.1
426	14	11.5	0	74.4	25.5
427	13.3	12.1	0	74.6	25.4
428	14	10.5	0	75.5	24.5
429	1.6	5.6	0	92.9	7.2
430	5.7	8.4	0	85.9	14.1
431	3.8	9.2	0	87	13
432	5	9.5	0	85.5	14.5
433	3.5	7.9	0	88.6	11.4
434	5.5	8	0	86.5	13.5
435	3.8	8.5	0	87.7	12.3
436	5.3	7.8	0	86.9	13.1
437	3.8	8	0	88.2	11.8
438	5.7	9.7	0	84.6	15.4
439	4.8	7.8	0	87.4	12.6
440	2.3	7.5	0	90.2	9.8
441	6	7.3	0.3	86.4	13.3
442	3.3	9.8	0	87	13.1
443	12.4	4.3	0	83.2	16.7
444	25.1	0.5	0	74.4	25.6
445	24.7	0.7	0	74.6	25.4
446	24.9	0.7	0.2	74.1	25.6
447	25.1	0.5	0	74.4	25.6
448	24.4	1.5	0	74.1	25.9
449	24.4	1	0	74.6	25.4
450	25.1	0.5	0	74.4	25.6
451	25.3	0.5	0	74.2	25.8
452	25.1	3.2	1	70.7	28.3
453	25.4	0.7	0	73.8	26.1
454	25.2	0.2	0	74.6	25.4
455	25.3	0.2	0	74.4	25.5
456	25.1	0.7	0	74.2	25.8
457	25.1	0.2	0	74.6	25.3
458	25	0.7	0	74.3	25.7
459	24.9	0.5	0	74.6	25.4
460	25.1	0.5	0	74.4	25.6
461	24.9	1	0.2	73.8	25.9
462	25	1.5	0	73.5	26.5
463	25.1	0.7	0	74.2	25.8
464	24.9	0.7	0	74.3	25.6
465	24.8	1	0	74.3	25.8
466	25.3	1	0	73.7	26.3
467	20.8	2	0	77.3	22.8
468	26.5	1.9	0	71.6	28.4
469	25.1	0.5	0	74.4	25.6
470	25.1	0.5	0	74.4	25.6
471	24.8	1	0	74.2	25.8
472	15.8	5.9	0	78.3	21.7
473	14.3	9.6	0	76.1	23.9
474	11.7	12	0	76.3	23.7
475	14	9.1	0	76.9	23.1
476	13.3	9.9	0.2	76.6	23.2
477	13	11.8	0	75.2	24.8
478	13.7	10.3	0	76	24
479	12.3	12.8	0	74.9	25.1
480	12.8	10.8	0	76.4	23.6
481	13.6	9.7	0	76.7	23.3
482	2.8	7.2	0	89.9	10
483	3.9	7.2	0	88.9	11.1
484	5.8	7.5	0	86.8	13.3
485	5	7.8	0	87.2	12.8
486	5.6	7.3	0.3	86.8	12.9
487	6	7.2	0	86.8	13.2
488	3.8	7.1	0	89	10.9
489	5.5	7.3	0	87.2	12.8
490	5.3	7	0	87.7	12.3
491	5.5	7.8	0	86.6	13.3
492	5.1	7.6	0	87.4	12.7
493	4.4	7	0	88.6	11.4
494	4.6	6.6	0	88.8	11.2
495	5.2	8.2	0	86.5	13.4
496	5.5	7.5	0	86.9	13
497	6.3	7.3	0	86.5	13.6
498	24.8	0.7	0.2	74.2	25.5
499	24.3	1	0.5	74.2	25.3
500	25.1	0.2	0	74.6	25.3
501	25.1	0.5	0	74.4	25.6
502	25.2	0.7	0	74	25.9
503	24.9	0.5	0	74.6	25.4
504	25.1	0.2	0	74.6	25.3
505	25.2	0.7	0	74	25.9
506	24.9	0.2	0.2	74.6	25.1
507	25.2	0.5	0	74.3	25.7
508	24.9	0.2	0	74.8	25.1
509	24.8	1	0	74.2	25.8
510	25.2	0.7	0	74.1	25.9
511	25	0.2	0	74.8	25.2
512	25.1	1	0	74	26.1
513	24.8	1	0	74.3	25.8
514	25.1	0.7	0	74.2	25.8
515	24.8	0.7	0	74.4	25.5
516	25.1	0.7	0.2	74	25.8
517	25.4	0.2	0	74.4	25.6
518	24.8	0.7	0	74.4	25.5
519	24.7	0.5	0	74.8	25.2
520	25.3	0.5	0	74.2	25.8
521	24.8	1.2	0	74	26
522	24.9	0.5	0	74.6	25.4
523	25.1	0.5	0	74.4	25.6
524	24.8	0.7	0	74.4	25.5
525	24.8	0.7	0	74.4	25.5
526	24.6	1	0	74.4	25.6
527	25.3	0.5	0	74.2	25.8
528	25.4	0.2	0	74.4	25.6
529	24.9	1	0	74.1	25.9
530	24.7	0.7	0	74.6	25.4
531	25	0.7	0.2	74	25.7
532	24.9	0.7	0	74.4	25.6
533	25.1	0.5	0	74.4	25.6
534	25.2	0.5	0	74.3	25.7
535	24.9	0.7	0	74.4	25.6
536	25.1	0.5	0.2	74.2	25.6
537	24.6	1	0	74.4	25.6
538	25.1	1	0	73.9	26.1
539	24.8	1	0	74.3	25.8
540	25.1	0.5	0	74.4	25.6
541	25.1	0.5	0.2	74.1	25.6
542	24.9	1	0	74.1	25.9
543	25.1	0.5	0	74.4	25.6
544	24.9	0.5	0	74.6	25.4
545	24.9	0.5	0	74.6	25.4
546	25	1	0	74	26
547	24.8	1	0	74.3	25.8
548	24.9	0.7	0	74.4	25.6
549	25.4	0.2	0	74.4	25.6
550	25.3	0.5	0	74.2	25.8
551	24.6	1.2	0	74.2	25.8
552	25.1	2.1	0	72.7	27.2
553	24.9	0.7	0	74.4	25.6
554	24.8	1	0	74.3	25.8
555	24.9	0.5	0	74.6	25.4
556	25.1	0.5	0.2	74.2	25.6
557	25.2	1	0	73.8	26.2
558	25.1	0.5	0	74.4	25.6
559	24.9	0.2	0	74.8	25.1
560	24.9	1.2	0	73.8	26.1
561	25	1	0	74	26
562	24.6	0.7	0	74.6	25.3
563	25.2	0.5	0	74.3	25.7
564	24.9	0.5	0	74.6	25.4
565	25.1	1	0	73.9	26.1
566	25.2	1.2	0.2	73.3	26.4
567	24.9	0.5	0	74.6	25.4
568	24.9	0.7	0	74.4	25.6
569	24.4	1	0	74.6	25.4
570	25.1	0.7	0	74.2	25.8
571	25	1.2	0	73.8	26.2
572	24.9	0.7	0	74.4	25.6
573	24.8	1	0.2	74	25.8
574	24.9	0.7	0	74.4	25.6
575	25.3	1.5	0	73.2	26.8
576	25.3	0.2	0	74.4	25.5
577	24.9	0.7	0	74.4	25.6
578	24.8	1	0	74.3	25.8
579	24.6	0.7	0	74.6	25.3
580	25.1	0.7	0	74.2	25.8
581	25.1	0.5	0	74.4	25.6
582	25.1	0.2	0	74.6	25.3
583	25.1	0.7	0	74.2	25.8
584	24.8	0.7	0	74.4	25.5
585	24.8	1.2	0	74	26
586	25.1	0.5	0.2	74.2	25.6
587	25.1	0.5	0	74.4	25.6
588	25.1	0.5	0	74.4	25.6
589	24.9	0.7	0	74.4	25.6
590	24.8	1	0	74.2	25.8
591	26.5	2.7	0	70.8	29.2
592	25.1	0.7	0	74.2	25.8
593	24.9	0.7	0	74.4	25.6
594	24.9	1.7	0.2	73.2	26.6
595	25.1	0.5	0	74.4	25.6
596	25.2	0.5	0	74.3	25.7
597	24.8	0.7	0	74.4	25.5
598	25.2	1.2	0	73.5	26.4
599	24.9	1	0	74.1	25.9
600	25.2	0.2	0	74.6	25.4
601	24.8	1	0	74.2	25.8
602	24.9	0.5	0	74.6	25.4
603	25.1	1.2	0	73.6	26.3
604	25	0.7	0	74.3	25.7
605	24.8	1	0	74.2	25.8
606	25	0.7	0.2	74	25.7
607	24.8	0.2	0	75	25
608	25.1	0.7	0	74.1	25.8
609	24.8	1	0	74.2	25.8
610	25.1	1.7	0	73.2	26.8
611	25.1	0.5	0	74.4	25.6
612	25	1	0	74	26
613	25.3	0.7	0	74	26
614	24.6	1	0	74.4	25.6
615	25.2	0.7	0	74	25.9
616	24.9	0.5	0	74.6	25.4
617	24.9	1.7	0	73.4	26.6
618	25	0.7	0	74.3	25.7
619	24.9	0.7	0	74.4	25.6
620	25.1	0.2	0	74.6	25.3
621	24.5	1.2	0.2	74	25.7
622	25.1	1.5	0	73.5	26.6
623	24.9	0.5	0	74.6	25.4
624	25.1	0.7	0	74.2	25.8
625	24.8	1.2	0	74	26
626	25.1	0.7	0	74.2	25.8
627	25.1	0.5	0	74.4	25.6
628	24.8	1.2	0	74	26
629	24.9	0.7	0	74.4	25.6
630	24.9	1.7	0.2	73.2	26.6
631	25	0.7	0.2	74	25.7
632	24.9	0.7	0	74.4	25.6
633	24.6	1.2	0	74.2	25.8
634	25.4	0.2	0	74.4	25.6
635	25.1	0.7	0	74.2	25.8
636	25.1	0.7	0	74.1	25.8
637	24.8	0.7	0	74.4	25.5
638	25	0.7	0	74.3	25.7
639	24.6	1.2	0	74.2	25.8
640	24.9	0.5	0	74.6	25.4
641	25	2	0.2	72.8	27
642	25.1	0.2	0	74.6	25.3
643	25.1	7.9	0	67.1	33
644	24.6	1	0	74.4	25.6
645	24.8	1	0	74.2	25.8
646	24.5	1.5	0	74	26
647	24.9	1	0	74.1	25.9
648	25.1	0.7	0	74.2	25.8
649	24.9	0.7	0	74.4	25.6
650	29	13.2	8.9	48.9	42.2
651	26.1	3.4	0.5	70	29.5
652	25.2	2.1	0	72.6	27.3
653	25.2	1.5	0	73.3	26.7
654	25.3	0.7	0	74	26
655	25.3	0.7	0	74	26
656	24.5	2.5	0.2	72.8	27
657	24.9	1	0	74.1	25.9
658	25.2	1	0	73.8	26.2
659	24.9	1.2	0	73.9	26.1
660	25.2	0.7	0	74.1	25.9
661	26.5	3.2	0	70.3	29.7
662	24.8	1	0	74.2	25.8
663	25.2	2.7	0	72.1	27.9
664	24.8	1	0	74.3	25.8
665	25.1	0.5	0	74.4	25.6
666	25.2	0.2	0	74.6	25.4
667	25.1	0.7	0	74.1	25.8
668	24.4	1	0	74.6	25.4
669	24.8	1	0	74.2	25.8
670	27.8	4.7	1	66.6	32.5
671	25.4	2.1	0	72.5	27.5
672	25.1	3.7	0	71.3	28.8
673	25.1	1	0	73.9	26.1
674	25.1	1	0	74	26.1
675	25.1	1.2	0	73.7	26.3
676	25.1	1	0	74	26.1
677	25.6	2.5	0	72	28.1
678	25.1	0.7	0	74.1	25.8
679	24.8	1.5	0	73.7	26.3
680	26.4	2	0	71.6	28.4
681	25.4	0.5	0.2	73.8	25.9
682	25.1	0.5	0	74.4	25.6
683	25.1	0.2	0	74.6	25.3
684	25.1	24.1	0	50.9	49.2
685	25.1	0.5	0	74.4	25.6
686	25	2.5	0	72.5	27.5
687	25	0.7	0	74.3	25.7
688	25.1	0.5	0	74.4	25.6
689	24.8	1	0	74.2	25.8
690	27.2	8.1	2.5	62.2	35.3
691	25.6	0.7	0	73.7	26.3
692	25	0.7	0	74.3	25.7
693	25.7	0.7	0	73.5	26.4
694	25	0.7	0	74.3	25.7
695	25.4	1.2	0	73.4	26.6
696	25.2	0.7	0	74.1	25.9
697	25.1	1	0	73.9	26.1
698	24.7	1	0.2	74.1	25.7
699	24.8	3.7	0	71.6	28.5
700	26.1	3.2	0.2	70.4	29.3
701	25.2	0.5	0.2	74	25.7
702	24.9	2.5	0	72.7	27.4
703	24.1	2.2	0.2	73.5	26.3
704	14.7	30.7	4.7	49.9	45.4
705	15.3	26.2	9	49.6	41.5
706	23.1	8.3	2.2	66.4	31.4
707	20.5	11.2	1.7	66.5	31.7
708	19.9	5.9	6.1	68.1	25.8
709	9.2	41.9	10.4	38.5	51.1
710	7.8	66.5	11.3	14.4	74.3
711	18.6	45.5	11	24.9	64.1
712	19.6	12.2	4.9	63.3	31.8
713	20.3	12.6	3.5	63.6	32.9
714	25.3	1.7	0.7	72.2	27
715	25.4	0.7	0.5	73.4	26.1
716	25.2	0.7	0	74.1	25.9
717	25.1	1.2	0.7	73	26.3
718	25.4	0.7	0	73.9	26.1
719	24.9	2	0.2	72.9	26.9
720	25.2	1	0	73.8	26.2
721	19.9	13.7	8.8	57.6	33.6
722	23.5	3.9	0.7	71.9	27.4
723	24.6	0.7	0.2	74.4	25.3
724	23.9	2.4	0	73.7	26.3
725	24.4	1.7	0	73.8	26.1
726	24.9	2	1.2	71.9	26.9
727	25	0.7	0.2	74	25.7
728	24	2.5	1	72.6	26.5
729	24	1.7	0.2	74	25.7
730	12	8.1	2.9	77	20.1
731	14.3	27.7	4.8	53.3	42
732	25.2	1	0	73.8	26.2
733	25.1	1	0	73.9	26.1
734	24.9	1	0.2	73.8	25.9
735	25.3	0.7	0	74	26
736	25	1.5	0	73.5	26.5
737	22.7	2.7	0.7	73.8	25.4
738	20.5	4.4	1.5	73.6	24.9
739	6.1	14.9	9.3	69.7	21
740	0.5	25.8	0.5	73.2	26.3
741	3.7	6.6	0.5	89.3	10.3
742	1	1	0.2	97.8	2
743	0.2	1.5	0	98.3	1.7
744	1	1.7	0	97.3	2.7
745	0.5	2.6	0.5	96.5	3.1
746	1.2	2.7	0.7	95.3	3.9
747	1.3	3.7	0.4	94.5	5
748	1.2	1.2	0	97.6	2.4
749	0.5	1.7	0	97.8	2.2
750	0.5	2.7	0.7	96.1	3.2
751	0.7	1.5	0	97.8	2.2
752	1.2	2.9	1.2	94.6	4.1
753	0.5	2.1	0.2	97.2	2.6
754	1	1	0	98.1	2
755	0.7	1.2	0	98.1	1.9
756	0.7	1.5	0	97.8	2.2
757	1	1	0.2	97.8	2
758	0.5	1.2	0	98.3	1.7
759	0.7	1.2	0	98.1	1.9
760	1	1.5	0	97.6	2.5
761	0.5	2.2	0	97.3	2.7
