Memory MB nvidia-chip	memtotal	memfree	cached	active	buffers	inactive
1	7859.9	5927.8	720.1	1027.5	40.5	420.5
2	7859.9	5927.7	720.1	1027.7	40.5	420.5
3	7859.9	5927.5	720.1	1027.8	40.5	420.6
4	7859.9	5927.5	720.1	1027.8	40.5	420.6
5	7859.9	5927.5	720.1	1027.8	40.5	420.6
6	7859.9	5927.3	720.1	1027.8	40.5	420.6
7	7859.9	5927.3	720.1	1027.8	40.5	420.6
8	7859.9	5927.3	720.1	1027.8	40.5	420.6
9	7859.9	5927.2	720.1	1027.8	40.5	420.6
10	7859.9	5875.7	756.2	1043.5	41.4	456.5
11	7859.9	5730.2	878.4	1067	41.5	578
12	7859.9	5705.1	882.3	1087.6	41.8	581.8
13	7859.9	5683.4	887.3	1103.7	42.1	586.7
14	7859.9	5650.5	904.7	1118.1	42.4	604.2
15	7859.9	5624.6	912.6	1136.1	42.7	611.3
16	7859.9	5600.6	917.5	1153.3	44.8	616.3
17	7859.9	5588	919.4	1163.4	46.5	617
18	7859.9	5384.2	1045.4	1198.9	46.8	742.2
19	7859.9	5106.1	1207.2	1288.7	46.8	904.5
20	7859.9	4830.2	1325	1409.5	46.8	1022.1
21	7859.9	4755.7	1348.6	1449.4	46.8	1045.8
22	7859.9	4755.8	1348.6	1449.4	46.8	1045.8
23	7859.9	4754.8	1348.6	1449.4	46.8	1045.8
24	7859.9	4755	1348.6	1449.4	46.8	1045.8
25	7859.9	4755	1348.6	1449.4	46.8	1045.8
26	7859.9	4754.6	1348.6	1449.4	46.8	1045.8
27	7859.9	4747.6	1349.4	1456.2	46.8	1046.5
28	7859.9	4739	1349.4	1464.8	46.8	1046.5
29	7859.9	4728.8	1349.4	1474.8	46.8	1046.5
30	7859.9	4728.7	1349.4	1475	46.8	1046.5
31	7859.9	4728.7	1349.4	1475	46.8	1046.5
32	7859.9	4728.1	1349.4	1475.2	46.8	1046.6
33	7859.9	4709.2	1352.4	1491.3	46.8	1049.6
34	7859.9	4704.8	1354.7	1493.5	46.8	1051.8
35	7859.9	4696.2	1359.4	1497.4	46.8	1056.6
36	7859.9	3292.1	1361.4	1499.4	46.8	1058.5
37	7859.9	778.9	1361.4	1499.4	46.8	1058.6
38	7859.9	316.2	1165.1	1467.9	46.2	1014.1
39	7859.9	203.8	1233.2	1503.3	46.2	1081.6
40	7859.9	95.4	1201.6	1653.2	39.1	1000.8
41	7859.9	98.4	1035.2	1805.7	37.8	796
42	7859.9	105.5	863.2	1920.2	31.5	618.6
43	7859.9	115.5	847.9	1896.6	30.6	625.8
44	7859.9	112.8	850.2	1898.4	30.6	626.5
45	7859.9	112.7	850.2	1898.4	30.6	626.6
46	7859.9	112.6	850.2	1898.4	30.6	626.7
47	7859.9	105.3	855.9	1901.6	30.6	631.3
48	7859.9	98.7	857.3	1906.9	30.6	632.6
49	7859.9	90.7	857.3	1914.9	30.6	632.7
50	7859.9	116	823.7	1908	29.9	615.6
51	7859.9	107.9	823.7	1916.1	29.9	615.6
52	7859.9	105.2	823.7	1918.8	29.9	615.6
53	7859.9	105.2	823.7	1918.8	29.9	615.6
54	7859.9	105.2	823.7	1918.8	29.9	615.6
55	7859.9	105.1	823.7	1918.8	29.9	615.6
56	7859.9	105.1	823.8	1918.9	29.9	615.6
57	7859.9	103.4	823.8	1920.6	29.9	615.6
58	7859.9	93.4	823.8	1930.4	29.9	615.6
59	7859.9	120	823.8	1902.8	29.9	615.6
60	7859.9	100.7	823.8	1922.7	29.9	615.6
61	7859.9	94.9	823.8	1928.3	29.9	615.6
62	7859.9	86.2	826.3	1935.9	29.9	616.9
63	7859.9	86.1	826.3	1936.1	29.9	617
64	7859.9	86.1	826.3	1936.1	29.9	617
65	7859.9	85.9	826.3	1936.2	29.9	617.1
66	7859.9	84	827.9	1936.6	29.9	618.6
67	7859.9	83.8	827.9	1936.6	29.9	618.7
68	7859.9	102.3	809.1	1926.5	29.6	609.7
69	7859.9	100.2	809.1	1928.7	29.6	609.8
70	7859.9	99.7	809.1	1928.8	29.6	609.8
71	7859.9	98.3	811.1	1928.8	29.6	611.7
72	7859.9	89.5	811.1	1937.6	29.6	611.8
73	7859.9	115.9	778.2	1926.6	29	596.5
74	7859.9	113.9	778.1	1928.8	29	596.6
75	7859.9	101.8	778.1	1940.7	29	596.6
76	7859.9	96	778.2	1946.7	29.1	596.6
77	7859.9	87.9	778.2	1954.8	29.1	596.6
78	7859.9	87.8	778.2	1954.8	29.1	596.6
79	7859.9	87.8	778.2	1954.8	29.1	596.6
80	7859.9	87.8	778.2	1954.8	29.1	596.6
81	7859.9	87.8	778.2	1954.8	29.1	596.6
82	7859.9	105.2	761.3	1944.3	28.7	589.5
83	7859.9	105.2	761.3	1944.7	28.7	589.1
84	7859.9	105.2	761.3	1944.7	28.7	589.1
85	7859.9	104.7	761.3	1945.2	28.7	589.1
86	7859.9	96.5	761.3	1953.5	28.7	589.1
87	7859.9	91	761.3	1958.9	28.7	589.1
88	7859.9	85.1	761.3	1964.8	28.7	589.1
89	7859.9	131.2	761.3	1917.5	28.7	589.1
90	7859.9	108.8	761.3	1940.4	28.7	589.2
91	7859.9	100.6	761.3	1948.6	28.7	589.2
92	7859.9	100.6	761.3	1948.6	28.7	589.2
93	7859.9	100.6	761.3	1948.6	28.7	589.2
94	7859.9	94.2	761.3	1955.3	28.7	589.6
95	7859.9	94.2	761.3	1955.3	28.7	589.6
96	7859.9	94.2	761.2	1955.3	28.7	589.6
97	7859.9	80.4	777.7	1941.2	25.6	614.1
98	7859.9	99.4	642.4	1960.8	8.9	539.8
99	7859.9	98.5	642.4	1961	8.9	539.9
100	7859.9	98.4	642.4	1961	8.9	540
101	7859.9	98	642.4	1961.9	8.9	539.6
102	7859.9	104.4	638.6	1951.3	8.9	546.1
103	7859.9	92.1	647.7	1957.1	8.9	552.3
104	7859.9	92.1	647.7	1957.1	8.9	552.3
105	7859.9	91.9	647.7	1957.2	8.9	552.3
106	7859.9	84	651.4	1961.5	8.9	555.7
107	7859.9	81.9	651.4	1963.7	8.9	555.9
108	7859.9	89.5	634.2	1967	8.6	544
109	7859.9	96.8	634.2	1959.9	8.6	544.2
110	7859.9	84.2	634.2	1972.4	8.6	544.2
111	7859.9	78.4	634.2	1978.2	8.6	544.2
112	7859.9	83.2	618.2	1978.7	8.3	538.5
113	7859.9	87.8	601.6	1980.5	8	532.2
114	7859.9	81.5	601.6	1986.8	8	532.2
115	7859.9	106.4	569.5	1976.1	7.3	518
116	7859.9	98.7	569.5	1983.5	7.3	518
117	7859.9	98.7	569.5	1983.6	7.3	518
118	7859.9	98.7	569.5	1983.7	7.3	518
119	7859.9	98.1	569.5	1983.8	7.3	517.9
120	7859.9	98.1	569.5	1983.8	7.3	517.9
121	7859.9	98.1	569.8	1984.7	7.3	517.5
122	7859.9	98.6	569.7	1984.7	7.3	517.3
123	7859.9	98.5	569.8	1984.7	7.3	517.3
124	7859.9	98.5	569.8	1984.7	7.3	517.3
125	7859.9	98.4	569.7	1984.7	7.3	517.3
126	7859.9	98.4	569.8	1984.7	7.3	517.3
127	7859.9	98.4	569.8	1984.7	7.3	517.3
128	7859.9	97.7	569.8	1985.3	7.3	517.3
129	7859.9	97.7	569.8	1985.3	7.3	517.3
130	7859.9	93.4	569.8	1989.7	7.3	517.3
131	7859.9	96.1	548.7	1994.2	6.8	508.9
132	7859.9	96	548.7	1994.4	6.8	508.9
133	7859.9	87	548.7	2003.3	6.8	508.9
134	7859.9	86	548.7	2004.3	6.8	508.9
135	7859.9	148.6	548.7	1941.4	6.8	508.9
136	7859.9	94.3	548.7	1995.7	6.8	508.9
137	7859.9	94.3	548.7	1995.7	6.8	508.9
138	7859.9	82	548.7	2007.9	6.8	508.9
139	7859.9	81.8	548.7	2008	6.8	508.9
140	7859.9	95.5	534.6	1998.8	6.6	503.7
141	7859.9	95.5	534.6	1998.9	6.6	503.5
142	7859.9	95.8	534.6	1998.9	6.6	503.5
143	7859.9	95.8	534.6	1998.9	6.6	503.5
144	7859.9	86.3	534.6	2007.9	6.6	504
145	7859.9	86.2	534.6	2008	6.6	504
146	7859.9	86.2	534.6	2008	6.6	504
147	7859.9	86.2	534.6	2008	6.6	504
148	7859.9	86.2	534.6	2008	6.6	504
149	7859.9	85.2	535.6	2008.8	6.6	504
150	7859.9	85.2	535.5	2009	6.6	504.3
151	7859.9	85.2	535.5	2009	6.6	504.3
152	7859.9	87.9	535.4	2003.8	6.6	509.4
153	7859.9	87.9	535.3	2003.6	6.6	509.7
154	7859.9	87.7	535.3	2003.6	6.6	509.7
155	7859.9	87.6	535.3	2003.6	6.6	509.7
156	7859.9	87	535.3	2003.6	6.6	509.7
157	7859.9	86.8	535.3	2003.6	6.6	509.7
158	7859.9	96.5	525.5	1982.7	6.1	520.1
159	7859.9	94.6	526.8	1984.4	6.2	520.8
160	7859.9	85.6	528.3	1993	6.4	520.9
161	7859.9	96.6	516.7	1985.3	6.2	516.7
162	7859.9	96.6	516.7	1985.2	6.2	516.7
163	7859.9	96.4	516.7	1985.4	6.2	516.7
164	7859.9	83.6	521.7	1995.6	6.2	519.5
165	7859.9	88.1	521.7	1990.7	6.2	519.7
166	7859.9	88.1	521.7	1990.7	6.2	519.7
167	7859.9	86.7	523.2	1991.8	6.2	519.7
168	7859.9	83.6	526.9	1993.1	6.2	522.3
169	7859.9	83.5	526.9	1993.3	6.2	522.5
170	7859.9	83.5	526.9	1993.3	6.2	522.6
171	7859.9	83.4	526.9	1993.3	6.2	522.7
172	7859.9	83.4	526.9	1993.3	6.2	522.7
173	7859.9	82.3	527.9	1993.3	6.2	523.8
174	7859.9	82.3	528	1993.3	6.2	523.8
175	7859.9	99.2	511.1	1983.1	5.9	516.6
176	7859.9	150.9	511.1	1930.9	5.9	516.6
177	7859.9	150.9	511.1	1930.9	5.9	516.6
178	7859.9	144.8	511.1	1937.4	5.9	516.6
179	7859.9	137	511.1	1945.3	5.9	516.6
180	7859.9	124.9	511.1	1956.8	5.9	516.4
181	7859.9	113.4	511.1	1968.4	5.9	516.4
182	7859.9	107.5	511.1	1974.1	5.9	516.4
183	7859.9	96.6	511.1	1985	5.9	516.4
184	7859.9	96.4	511.1	1985.3	5.9	516.4
185	7859.9	96.4	511.3	1985.3	5.9	516.6
186	7859.9	96.4	511.3	1985.3	5.9	516.6
187	7859.9	96.4	511.3	1985.3	5.9	516.6
188	7859.9	96.4	511.3	1985.3	5.9	516.6
189	7859.9	96.4	511.3	1985.3	5.9	516.6
190	7859.9	96.4	511.3	1985.3	5.9	516.6
191	7859.9	96.4	511.3	1985.3	5.9	516.6
192	7859.9	96.4	511.3	1985.4	5.9	516.6
193	7859.9	95.7	511.3	1986	5.9	516.6
194	7859.9	95.7	511.3	1986	5.9	516.6
195	7859.9	84.1	511.3	1997.5	5.9	516.6
196	7859.9	102.5	487.4	1984.8	5.5	511.5
197	7859.9	96.3	487.4	1990.9	5.5	511.5
198	7859.9	150.9	487.4	1936	5.5	511.5
199	7859.9	150.9	487.5	1936.3	5.5	511.3
200	7859.9	151.1	487.5	1936.2	5.5	511.2
201	7859.9	151	487.5	1936.2	5.5	511.2
202	7859.9	151	487.5	1936.2	5.5	511.2
203	7859.9	151	487.5	1936.2	5.5	511.2
204	7859.9	151	487.5	1936.2	5.5	511.2
205	7859.9	150.8	487.5	1936.3	5.6	511.5
206	7859.9	150.8	487.5	1936.3	5.6	511.5
207	7859.9	150.8	487.5	1936.3	5.6	511.5
208	7859.9	150.8	487.5	1936.3	5.6	511.5
209	7859.9	150.8	487.5	1936.3	5.6	511.5
210	7859.9	149	489.1	1936.4	5.6	513.2
211	7859.9	148.8	489.1	1936.4	5.6	513.3
212	7859.9	148.4	489.1	1936.4	5.6	513.4
213	7859.9	148.4	489.1	1936.4	5.6	513.4
214	7859.9	148.4	489.1	1936.4	5.6	513.4
215	7859.9	148.4	489.1	1936.4	5.6	513.4
216	7859.9	148.4	489.1	1936.4	5.6	513.4
217	7859.9	148.3	489.2	1936.5	5.6	513.6
218	7859.9	148.3	489.2	1936.5	5.6	513.6
219	7859.9	148	489.2	1936.6	5.6	513.7
220	7859.9	147.9	489.2	1936.5	5.6	513.9
221	7859.9	147.9	489.2	1936.5	5.6	513.9
222	7859.9	147.8	489.2	1936.5	5.6	514
223	7859.9	147.8	489.2	1936.5	5.6	514
224	7859.9	147.8	489.2	1936.5	5.6	514
225	7859.9	147.8	489.2	1936.5	5.6	514
226	7859.9	147.7	489.2	1936.5	5.6	514
227	7859.9	147.7	489.2	1936.5	5.6	514
228	7859.9	147.7	489.2	1936.5	5.6	514
229	7859.9	147.7	489.2	1936.5	5.6	514
230	7859.9	147.7	489.2	1936.5	5.6	514
231	7859.9	147.7	489.2	1936.5	5.6	514
232	7859.9	147.7	489.2	1936.5	5.6	514
233	7859.9	147.7	489.2	1936.5	5.6	514
234	7859.9	147.7	489.2	1936.5	5.6	514
235	7859.9	147.7	489.2	1936.5	5.6	514
236	7859.9	147.7	489.2	1936.5	5.6	514
237	7859.9	147.7	489.2	1936.5	5.6	514
238	7859.9	147.6	489.2	1936.5	5.6	514
239	7859.9	147.6	489.2	1936.5	5.6	514.1
240	7859.9	147.6	489.2	1936.5	5.6	514.1
241	7859.9	147.6	489.2	1936.5	5.6	514.1
242	7859.9	147.6	489.2	1936.5	5.6	514.1
243	7859.9	147.6	489.2	1936.5	5.6	514.1
244	7859.9	147.6	489.2	1936.5	5.6	514.1
245	7859.9	147.6	489.2	1936.6	5.6	514.1
246	7859.9	147.6	489.2	1936.6	5.6	514.1
247	7859.9	147.6	489.4	1936.7	5.8	514.1
248	7859.9	146	491.2	1938.5	5.8	514.2
249	7859.9	146	491.2	1938.5	5.8	514.2
250	7859.9	146	491.2	1938.5	5.8	514.2
251	7859.9	144.8	492.5	1938.7	5.8	515
252	7859.9	138.8	494.4	1940	5.8	516
253	7859.9	138.8	494.4	1940	5.8	515.9
254	7859.9	138.8	494.4	1940	5.8	515.9
255	7859.9	138.8	494.4	1940	5.8	515.9
256	7859.9	138.7	494.4	1940	5.8	515.9
257	7859.9	138.6	494.5	1940	5.8	516
258	7859.9	138.1	494.5	1940.1	5.8	516
259	7859.9	138.2	494.5	1940.1	5.8	516.1
260	7859.9	138.2	494.5	1940.1	5.8	516.1
261	7859.9	138.2	494.5	1940.1	5.8	516.1
262	7859.9	138	494.5	1940.9	5.8	515.3
263	7859.9	137.9	494.5	1940.9	5.8	515.3
264	7859.9	137.9	494.5	1940.9	5.8	515.3
265	7859.9	137.9	494.5	1940.9	5.8	515.3
266	7859.9	137.9	494.5	1940.9	5.8	515.3
267	7859.9	137.9	494.5	1940.9	5.8	515.3
268	7859.9	137.9	494.5	1940.9	5.8	515.3
269	7859.9	137.9	494.5	1940.9	5.8	515.3
270	7859.9	137.9	494.5	1940.9	5.8	515.3
271	7859.9	137.9	494.5	1940.9	5.8	515.3
272	7859.9	138.1	494.5	1940.9	5.8	515.3
273	7859.9	138.1	494.5	1940.9	5.8	515.3
274	7859.9	138.1	494.5	1940.9	5.8	515.3
275	7859.9	138.1	494.5	1940.9	5.8	515.3
276	7859.9	138.1	494.5	1940.9	5.8	515.3
277	7859.9	138	494.5	1940.9	5.8	515.4
278	7859.9	138.2	494.5	1940.9	5.8	515.4
279	7859.9	138.2	494.5	1940.9	5.8	515.4
280	7859.9	137	496.3	1942.5	5.8	515.4
281	7859.9	137	496.2	1942.6	5.8	515.4
282	7859.9	136.7	496.7	1942.6	5.8	515.9
283	7859.9	167.4	496.7	1911.2	5.8	515.9
284	7859.9	166.8	496.7	1912.1	5.8	515.9
285	7859.9	165.4	496.7	1913.7	5.8	515.9
286	7859.9	165.4	496.7	1913.7	5.8	515.9
287	7859.9	165.2	496.7	1913.7	5.8	515.9
288	7859.9	157.4	496.7	1921.5	5.8	515.9
289	7859.9	161.8	496.7	1916.5	5.8	515.9
290	7859.9	162	496.7	1916.4	5.8	515.9
291	7859.9	152.4	506.9	1920	5.8	522.4
292	7859.9	152.3	506.9	1920.1	5.8	522.5
293	7859.9	152.3	506.9	1920.1	5.8	522.5
294	7859.9	152.3	506.9	1920.1	5.8	522.5
295	7859.9	152.3	506.9	1920.1	5.8	522.5
296	7859.9	152.3	506.9	1920.1	5.8	522.5
297	7859.9	151.5	506.9	1920.3	5.8	522.5
298	7859.9	151.4	506.9	1920.1	5.8	522.5
299	7859.9	151.4	507	1920.1	5.8	522.6
300	7859.9	151.2	507.2	1920.3	5.8	522.6
301	7859.9	151.2	507.2	1920.4	5.8	522.6
302	7859.9	151.2	507.2	1920.4	5.8	522.6
303	7859.9	151.2	507.2	1920.4	5.8	522.6
304	7859.9	151.2	507.2	1920.4	5.8	522.6
305	7859.9	151.2	507.2	1920.4	5.8	522.6
306	7859.9	151.4	507.4	1919.9	5.8	522.8
307	7859.9	158.9	507.4	1912.2	5.8	522.9
308	7859.9	159	507.4	1912.2	5.8	522.9
309	7859.9	159	507.4	1912.2	5.8	522.9
310	7859.9	162.3	507.5	1909	6	522.9
311	7859.9	160.2	509.9	1909.3	6	525.1
312	7859.9	160.2	509.9	1909.3	6	525.1
313	7859.9	160.1	509.9	1909.3	6	525.2
314	7859.9	160.1	509.9	1909.3	6	525.2
315	7859.9	160	509.9	1909.3	6	525.3
316	7859.9	160	509.9	1909.3	6	525.3
317	7859.9	151.8	517.8	1913	6	529.6
318	7859.9	151.8	517.8	1913	6	529.6
319	7859.9	151.8	517.8	1913	6	529.6
320	7859.9	151.8	517.8	1913	6	529.6
321	7859.9	151.8	517.8	1913	6	529.6
322	7859.9	151.5	517.8	1913	6	529.6
323	7859.9	151.5	517.8	1913	6	529.6
324	7859.9	151.4	517.8	1913	6	529.6
325	7859.9	151.4	517.8	1913	6	529.6
326	7859.9	151.4	517.8	1913	6	529.7
327	7859.9	151.4	517.8	1913	6	529.7
328	7859.9	151.4	517.8	1913.1	6	529.7
329	7859.9	151.4	517.8	1913.1	6	529.7
330	7859.9	151.4	517.8	1913.1	6	529.7
331	7859.9	151.4	517.8	1913.1	6	529.7
332	7859.9	151.6	517.8	1913.1	6	529.7
333	7859.9	151.6	517.8	1913.1	6	529.6
334	7859.9	151.6	517.8	1913.1	6	529.6
335	7859.9	151.6	517.8	1913.1	6	529.6
336	7859.9	151.4	517.8	1913.1	6	529.6
337	7859.9	151.4	517.8	1913.1	6	529.7
338	7859.9	151.4	517.8	1913.1	6	529.7
339	7859.9	150.9	518.6	1912.9	6	530.3
340	7859.9	148.5	518.6	1915.5	6	530.4
341	7859.9	140	518.6	1924	6	530.4
342	7859.9	134.8	518.6	1929.2	6	530.4
343	7859.9	134.7	518.6	1929.3	6	530.4
344	7859.9	134.7	518.6	1929.3	6	530.4
345	7859.9	134	518.7	1929.4	6	530.5
346	7859.9	130.1	518.7	1933.3	6	530.5
347	7859.9	136.7	518.7	1926.2	6	530.5
348	7859.9	136.8	518.7	1926.2	6	530.5
349	7859.9	136.8	518.7	1926.2	6	530.6
350	7859.9	136.8	518.7	1926.2	6	530.6
351	7859.9	132.7	523.3	1928	6	533.3
352	7859.9	132.6	523.3	1928.1	6	533.6
353	7859.9	132.6	523.3	1928.1	6	533.7
354	7859.9	132.4	523.3	1928.1	6	533.8
355	7859.9	132.3	523.3	1928.1	6	534
356	7859.9	131.6	523.3	1928.1	6.1	534
357	7859.9	131.6	523.3	1928.1	6.1	534.1
358	7859.9	131.6	523.3	1928.2	6.1	534.1
359	7859.9	131.5	523.3	1928.2	6.1	534.2
360	7859.9	131.4	523.3	1928.2	6.1	534.3
361	7859.9	131.4	523.3	1928.2	6.1	534.3
362	7859.9	131.4	523.3	1928.2	6.1	534.3
363	7859.9	131.4	523.3	1928.2	6.1	534.4
364	7859.9	131.4	523.3	1928.2	6.1	534.7
365	7859.9	131.4	523.3	1928.2	6.1	534.7
366	7859.9	131.4	523.3	1928.2	6.1	534.7
367	7859.9	131.4	523.3	1928.2	6.1	534.7
368	7859.9	131.4	523.3	1928.2	6.1	534.7
369	7859.9	131.4	523.3	1928.2	6.1	534.7
370	7859.9	131.4	523.3	1928.2	6.1	534.7
371	7859.9	131.4	523.3	1928.2	6.1	534.7
372	7859.9	131.5	523.3	1928.4	6.1	534.7
373	7859.9	131.4	523.3	1928.4	6.1	534.7
374	7859.9	131.4	523.3	1928.4	6.1	534.7
375	7859.9	131.1	523.3	1928.4	6.1	534.7
376	7859.9	131	523.3	1928.4	6.1	534.7
377	7859.9	131	523.3	1928.4	6.1	534.7
378	7859.9	130.8	523.7	1928.4	6.1	535.1
379	7859.9	130.8	523.7	1928.4	6.1	535.1
380	7859.9	129.8	523.7	1929.3	6.1	535.1
381	7859.9	129.7	523.7	1929.5	6.1	535.1
382	7859.9	129.7	523.7	1929.5	6.1	535.1
383	7859.9	129.6	523.7	1929.6	6.1	535.1
384	7859.9	125	523.7	1934	6.1	535.1
385	7859.9	125	523.7	1934	6.1	535.1
386	7859.9	95.1	500.9	1977.7	5.8	521.8
387	7859.9	95.1	500.9	1977.7	5.8	521.8
388	7859.9	95.1	500.9	1977.7	5.8	521.9
389	7859.9	95.1	500.9	1977.7	5.8	521.9
390	7859.9	95	500.9	1977.8	5.8	522
391	7859.9	95	500.9	1977.8	5.8	522
392	7859.9	93.8	500.9	1979	5.8	522.2
393	7859.9	94.8	468.9	1956.2	5.6	511.7
394	7859.9	118.7	444.3	1940.6	5.2	502.2
395	7859.9	117.7	444.8	1941.8	5.2	501.5
396	7859.9	88.8	444.8	1971.4	5.2	501.5
397	7859.9	117.6	444.8	1941.9	5.2	501.5
398	7859.9	117.6	444.8	1941.9	5.2	501.5
399	7859.9	117.6	444.8	1941.9	5.2	501.5
400	7859.9	117.6	444.8	1941.9	5.2	501.5
401	7859.9	117.8	444.8	1941.7	5.2	501.5
402	7859.9	126.3	445.5	1933	5.2	502.3
403	7859.9	126.3	445.5	1933.5	5.2	502.3
404	7859.9	118.9	445.5	1940.9	5.2	502.3
405	7859.9	112.9	445.5	1946.7	5.2	502.3
406	7859.9	112.8	445.5	1946.8	5.2	502.3
407	7859.9	112.8	445.5	1946.8	5.2	502.3
408	7859.9	112.8	445.5	1946.8	5.2	502.3
409	7859.9	112.5	445.5	1947	5.2	502.3
410	7859.9	104.8	445.5	1954.8	5.2	502.3
411	7859.9	101.6	445.5	1957.9	5.2	502.3
412	7859.9	114.6	445.5	1944.6	5.2	502.3
413	7859.9	114.6	445.5	1944.6	5.2	502.3
414	7859.9	148.1	448.8	1909	5.2	505.1
415	7859.9	147.9	448.7	1908.8	5.2	505.4
416	7859.9	146.8	449.9	1908.8	5.2	506.6
417	7859.9	146.8	449.9	1908.8	5.2	506.6
418	7859.9	146.8	449.9	1908.8	5.2	506.7
419	7859.9	146.8	449.9	1908.8	5.2	506.7
420	7859.9	146.8	449.9	1908.8	5.2	506.8
421	7859.9	146.8	449.9	1908.8	5.2	506.8
422	7859.9	146.8	449.9	1908.8	5.2	506.8
423	7859.9	146.8	449.9	1908.8	5.2	506.9
424	7859.9	146.8	449.9	1908.8	5.2	506.9
425	7859.9	146.7	449.9	1908.8	5.2	506.9
426	7859.9	146.6	449.9	1908.8	5.2	507
427	7859.9	146.6	449.9	1908.8	5.2	507
428	7859.9	146.6	449.9	1908.8	5.2	507
429	7859.9	146.6	449.9	1908.8	5.2	507
430	7859.9	146.6	449.9	1908.8	5.2	507
431	7859.9	146.6	449.9	1908.8	5.2	507
432	7859.9	146	449.9	1909.3	5.2	506.6
433	7859.9	145.7	449.9	1909.3	5.2	506.6
434	7859.9	145.7	449.9	1909.3	5.2	506.6
435	7859.9	145.7	449.9	1909.3	5.2	506.6
436	7859.9	145.7	449.9	1909.3	5.2	506.6
437	7859.9	145.7	449.9	1909.3	5.2	506.6
438	7859.9	145.7	449.9	1909.3	5.2	506.6
439	7859.9	145.7	449.9	1909.3	5.2	506.6
440	7859.9	145.7	449.9	1909.3	5.2	506.6
441	7859.9	145.7	449.9	1909.3	5.2	506.6
442	7859.9	145.9	449.9	1909.4	5.2	506.6
443	7859.9	144.4	451.4	1909.7	5.2	508.1
444	7859.9	144.4	451.4	1909.7	5.2	508.1
445	7859.9	147.5	451.4	1906.6	5.3	508.1
446	7859.9	135.2	451.4	1918.8	5.3	508.1
447	7859.9	129.5	451.4	1924.5	5.3	508.1
448	7859.9	117.1	451.4	1936.8	5.3	508.1
449	7859.9	105.4	451.4	1948.6	5.3	508.1
450	7859.9	103.9	451.4	1950	5.3	508.1
451	7859.9	103.9	451.4	1950	5.3	508.1
452	7859.9	98.8	453	1954.2	7.3	507.7
453	7859.9	99.1	453	1954.3	7.3	507.9
454	7859.9	99.1	453	1954.4	7.3	507.9
455	7859.9	99	453	1954.4	7.3	507.9
456	7859.9	99	453	1954.4	7.3	507.9
457	7859.9	99	453	1954.4	7.3	507.9
458	7859.9	99	453	1954.4	7.3	507.9
459	7859.9	98.6	453	1954.7	7.3	507.9
460	7859.9	98.6	453	1954.8	7.4	507.9
461	7859.9	81.7	453	1971.5	7.4	507.9
462	7859.9	101.5	428.7	1965	7	495.2
463	7859.9	145.9	428.7	1919.9	7	495.2
464	7859.9	146	428.7	1919.8	7	495.2
465	7859.9	146	428.7	1919.8	7	495.2
466	7859.9	146	428.7	1919.9	7	495.2
467	7859.9	146	428.7	1919.9	7	495.2
468	7859.9	144.8	430.2	1920	7	496.8
469	7859.9	144.8	430.3	1920	7	496.9
470	7859.9	144.8	430.3	1920	7	496.9
471	7859.9	144.8	430.3	1920	7	496.9
472	7859.9	144.8	430.3	1920	7	496.9
473	7859.9	144.4	430.3	1920.2	7	496.8
474	7859.9	144.4	430.3	1920.3	7	496.7
475	7859.9	144.4	430.3	1920.3	7	496.7
476	7859.9	144.3	430.3	1920.3	7	496.8
477	7859.9	144.3	430.3	1920.3	7	496.8
478	7859.9	144.3	430.3	1920.3	7	496.9
479	7859.9	144.3	430.3	1920.3	7	496.9
480	7859.9	144.3	430.3	1920.3	7.1	496.9
481	7859.9	144.3	430.3	1920.3	7.1	497
482	7859.9	144.3	430.3	1920.3	7.1	497
483	7859.9	144.3	430.3	1920.3	7.1	497
484	7859.9	144.3	430.3	1920.3	7.1	497
485	7859.9	144.3	430.3	1920.3	7.1	497
486	7859.9	144.3	430.3	1920.3	7.1	497
487	7859.9	144.3	430.3	1920.3	7.1	497
488	7859.9	144.3	430.3	1920.3	7.1	497
489	7859.9	144.3	430.3	1920.3	7.1	497
490	7859.9	144.2	430.3	1920.3	7.1	497
491	7859.9	144.2	430.3	1920.3	7.1	497
492	7859.9	144.2	430.3	1920.3	7.1	497
493	7859.9	143.8	430.3	1920.4	7.1	497
494	7859.9	143.8	430.3	1920.4	7.1	497
495	7859.9	143.8	430.3	1920.4	7.1	497
496	7859.9	143.8	430.3	1920.4	7.1	497
497	7859.9	143.8	430.3	1920.4	7.1	497
498	7859.9	141.3	433.3	1920.9	7.1	499.4
499	7859.9	135.3	439	1921.1	7.4	505.1
500	7859.9	134.1	440.3	1921.1	7.4	506.4
501	7859.9	142.9	440.3	1911.9	7.4	506.5
502	7859.9	142.9	440.3	1911.9	7.4	506.5
503	7859.9	142.9	440.3	1911.9	7.4	506.5
504	7859.9	142.9	440.3	1911.9	7.4	506.5
505	7859.9	142.9	440.3	1911.9	7.4	506.5
506	7859.9	142.9	440.3	1911.9	7.4	506.5
507	7859.9	142.9	440.3	1911.9	7.4	506.5
508	7859.9	142.9	440.3	1911.9	7.4	506.5
509	7859.9	142.1	440.3	1913.3	7.4	506.5
510	7859.9	139.9	440.3	1915.4	7.4	506.5
511	7859.9	137.8	440.3	1917.5	7.4	506.5
512	7859.9	135.3	440.3	1920.2	7.4	506.5
513	7859.9	133	440.3	1922.1	7.4	506.5
514	7859.9	130.5	440.3	1924.6	7.4	506.5
515	7859.9	128.6	440.3	1926.7	7.4	506.5
516	7859.9	126.1	440.3	1929.2	7.4	506.5
517	7859.9	123.9	440.3	1931.3	7.4	506.5
518	7859.9	121.6	440.3	1933.6	7.4	506.5
519	7859.9	119.4	440.3	1935.8	7.4	506.5
520	7859.9	118.5	440.4	1936.7	7.4	506.5
521	7859.9	116	440.3	1939.2	7.4	506.5
522	7859.9	113.8	440.4	1941.3	7.4	506.5
523	7859.9	111.8	440.4	1943.4	7.4	506.5
524	7859.9	109.2	440.4	1945.9	7.4	506.5
525	7859.9	107.3	440.4	1948	7.4	506.5
526	7859.9	104.9	440.4	1950.5	7.4	506.5
527	7859.9	102.4	440.4	1952.6	7.4	506.5
528	7859.9	100.1	440.4	1955	7.4	506.5
529	7859.9	98.1	440.4	1957	7.4	506.5
530	7859.9	95.8	440.4	1959.1	7.4	506.5
531	7859.9	93.8	440.4	1961.3	7.4	506.5
532	7859.9	90	442.3	1963.1	7.4	508.4
533	7859.9	88	442.3	1965.1	7.4	508.4
534	7859.9	87.1	442.3	1965.9	7.4	508.4
535	7859.9	84.6	442.3	1968.4	7.4	508.4
536	7859.9	82.5	442.3	1970.8	7.4	508.4
537	7859.9	78.9	443.1	1973.9	7.4	509.2
538	7859.9	103.4	418.9	1966.4	7.1	492.4
539	7859.9	98.9	418.9	1971	7.1	492.4
540	7859.9	97.8	418.9	1972	7.1	492.4
541	7859.9	97.5	418.9	1972.4	7.1	492.4
542	7859.9	95.6	418.9	1974.3	7.1	492.4
543	7859.9	93.7	418.9	1976.2	7.1	492.4
544	7859.9	92.1	418.9	1977.8	7.1	492.4
545	7859.9	89.8	418.9	1980	7.1	492.4
546	7859.9	88.4	418.9	1981.5	7.1	492.4
547	7859.9	86.4	418.9	1983.3	7.1	492.4
548	7859.9	84.7	418.9	1985.1	7.1	492.4
549	7859.9	84	418.9	1985.8	7.1	492.4
550	7859.9	82.6	418.9	1987.3	7.1	492.4
551	7859.9	80.3	418.9	1989.6	7.1	492.4
552	7859.9	100.3	397.1	1977.8	6.4	483.8
553	7859.9	98.1	397.1	1980.1	6.4	483.8
554	7859.9	93	397.1	1985.1	6.4	483.8
555	7859.9	92.2	397.1	1986	6.4	483.8
556	7859.9	91.7	397.1	1986.5	6.4	483.8
557	7859.9	87	397.1	1991.3	6.4	483.8
558	7859.9	86.8	397.1	1991.4	6.4	483.8
559	7859.9	85.7	397.1	1992.4	6.4	483.8
560	7859.9	85.4	397.1	1992.6	6.4	483.8
561	7859.9	84.9	397.1	1993.4	6.4	483.8
562	7859.9	83.2	397.1	1995	6.4	483.8
563	7859.9	81.6	397.1	1996.6	6.4	483.8
564	7859.9	79.4	397.1	1998.6	6.4	483.8
565	7859.9	77.9	397.1	2000.2	6.4	483.8
566	7859.9	96.8	377.6	1989.1	5.3	475.8
567	7859.9	96.2	377.6	1990	5.3	475.8
568	7859.9	95.3	377.6	1990.7	5.3	475.8
569	7859.9	93.6	377.6	1992.5	5.3	475.8
570	7859.9	91.2	377.6	1994.8	5.4	475.8
571	7859.9	88.9	377.6	1997.6	5.4	475.5
572	7859.9	86.5	377.7	2000	5.4	475.3
573	7859.9	83	377.7	2003.6	5.5	475.3
574	7859.9	78.4	377.7	2008.2	5.5	475.3
575	7859.9	96	358.7	1988	5.4	477.6
576	7859.9	95.9	358.7	1988.2	5.4	477.5
577	7859.9	95.8	358.7	1988.3	5.4	477.5
578	7859.9	90.8	358.7	1993.4	5.4	477.5
579	7859.9	90.7	358.7	1993.6	5.4	477.5
580	7859.9	89.6	358.7	1994.8	5.4	477.5
581	7859.9	89.1	358.7	1995.3	5.5	477.5
582	7859.9	89.1	358.7	1994.9	5.5	477.5
583	7859.9	89.1	358.7	1994.9	5.5	477.5
584	7859.9	87.6	358.7	1996.7	5.5	477.5
585	7859.9	85.9	358.7	1998.3	5.5	477.5
586	7859.9	83.6	358.7	2000.4	5.5	477.5
587	7859.9	83	358.7	2001.2	5.5	477.5
588	7859.9	82.5	358.7	2001.7	5.5	477.5
589	7859.9	80.7	358.7	2003.5	5.5	477.5
590	7859.9	79	358.7	2005.1	5.5	477.5
591	7859.9	95.4	341.2	1996.1	5.3	470.4
592	7859.9	93.2	341.2	1998.3	5.3	470.4
593	7859.9	90.8	341.2	2000.7	5.3	470.4
594	7859.9	88.2	341.4	2003.4	5.3	470.4
595	7859.9	79.9	341.4	2011.4	5.3	470.4
596	7859.9	78.7	341.4	2012.7	5.3	470.4
597	7859.9	79	341.4	2012	5.3	470.4
598	7859.9	93.7	325.3	2003.6	5.2	464.6
599	7859.9	92.1	325.3	2005.1	5.2	464.6
600	7859.9	91.5	325.3	2005.6	5.2	464.6
601	7859.9	85.6	325.3	2011.7	5.2	464.6
602	7859.9	78.4	325.3	2018.7	5.2	464.6
603	7859.9	93.5	309.3	2010	5	458.7
604	7859.9	93.4	309.3	2009.8	5	458.7
605	7859.9	86.7	309.3	2016.5	5	458.7
606	7859.9	86.5	309.3	2016.8	5	458.7
607	7859.9	85.3	309.3	2018	5	458.7
608	7859.9	82.9	309.3	2020.3	5	458.7
609	7859.9	80.4	309.3	2022.8	5	458.7
610	7859.9	94.9	294.3	2011.3	4.7	456
611	7859.9	93.4	294.2	2012.8	4.8	455.5
612	7859.9	90.9	294.2	2015.1	4.8	455.5
613	7859.9	87.8	294.2	2018.3	4.8	455.5
614	7859.9	85.1	294.2	2021	4.8	455.5
615	7859.9	82.2	294.2	2023.6	4.8	455.5
616	7859.9	78.3	294.2	2027.5	4.8	455.5
617	7859.9	103.7	266.6	2011	3.8	446.4
618	7859.9	99.6	266.6	2014.8	3.8	446.4
619	7859.9	92.2	266.6	2022.1	3.8	446.4
620	7859.9	86.9	266.6	2027.4	3.8	446.4
621	7859.9	79.2	266.6	2035.2	3.8	446.4
622	7859.9	103	242	2021.3	3.5	436.4
623	7859.9	102.9	242	2021.4	3.5	436.4
624	7859.9	95.7	242	2028.6	3.5	436.4
625	7859.9	95.5	242	2028.4	3.5	436.4
626	7859.9	88.4	242	2035.8	3.5	436.4
627	7859.9	88.2	242	2036.2	3.5	436.4
628	7859.9	79.9	242	2044.3	3.5	436.4
629	7859.9	78.6	242	2046	3.5	436.5
630	7859.9	100.8	220	2032	3.2	427.8
631	7859.9	92.7	220	2039.9	3.2	427.8
632	7859.9	92.4	220	2040.1	3.2	427.8
633	7859.9	91.3	220	2041.4	3.2	427.8
634	7859.9	90.1	220	2042.5	3.2	427.8
635	7859.9	89.2	220	2043.5	3.2	427.8
636	7859.9	89.2	220	2043.5	3.2	427.8
637	7859.9	87	220.1	2045.6	3.2	427.8
638	7859.9	83.9	220.1	2048.7	3.2	427.8
639	7859.9	81.3	220.1	2051.2	3.2	427.8
640	7859.9	78.3	220.1	2054.3	3.2	427.8
641	7859.9	96.1	200.8	2035.5	3	428.5
642	7859.9	92.9	200.8	2038.8	3	428.5
643	7859.9	96.1	196.8	1977.4	3	489.5
644	7859.9	92.2	196.8	1981.4	3	489.5
645	7859.9	87.3	196.8	1986.3	3	489.5
646	7859.9	91.4	179.5	1987	2.8	482.9
647	7859.9	91.1	179.5	1987.2	2.8	482.9
648	7859.9	81.8	179.5	1996.5	2.8	482.9
649	7859.9	80	179.5	1998.4	2.8	482.9
650	7859.9	83.8	169.9	1984.6	6.5	494.7
651	7859.9	90.6	161.7	1990.7	6.5	488.8
652	7859.9	90.1	161.7	1990.8	6.8	488.7
653	7859.9	88	161.7	1993.5	6.8	488.8
654	7859.9	83.7	161.7	1997.8	6.8	488.8
655	7859.9	83.2	161.7	1998.3	6.8	488.8
656	7859.9	92.8	151.7	2000	6.7	485.7
657	7859.9	90.7	151.7	2002.2	6.7	485.7
658	7859.9	90.7	151.7	2002.2	6.7	485.7
659	7859.9	80	152.9	2011.5	6.7	486.9
660	7859.9	80	152.9	2011.2	6.7	486.9
661	7859.9	79.3	153.4	2012.3	6.7	486.9
662	7859.9	78	153.3	2013.4	6.7	486.9
663	7859.9	104	136.3	2001.7	6.6	481.5
664	7859.9	103.7	136.3	2001.9	6.6	481.5
665	7859.9	103.7	136.3	2001.9	6.6	481.5
666	7859.9	101.8	136.3	2003.8	6.6	481.5
667	7859.9	99.1	136.3	2006.5	6.6	481.5
668	7859.9	96.4	136.3	2009.2	6.6	481.5
669	7859.9	93.5	136.3	2012.1	6.6	481.5
670	7859.9	84.8	141.5	2019.2	6.7	482.6
671	7859.9	81.3	141.6	2023	6.7	482.3
672	7859.9	106	124.5	2020.7	5	459.9
673	7859.9	102.3	124.4	2024.3	5	459.9
674	7859.9	98.5	124.4	2028	5	459.9
675	7859.9	84.6	124.4	2042	5.1	459.9
676	7859.9	84.4	124.4	2042	5.1	459.9
677	7859.9	101.9	104.6	2032.3	4.7	453.2
678	7859.9	101.7	104.6	2032.4	4.7	453.2
679	7859.9	99.5	104.6	2034.8	4.8	453.2
680	7859.9	99.6	104.6	2034.8	4.8	453.2
681	7859.9	89.9	104.6	2044.4	4.8	453.1
682	7859.9	90	104.6	2043.9	4.8	453.1
683	7859.9	87.1	104.6	2047.3	4.8	453.1
684	7859.9	91.3	104.6	1952.5	4.8	545.9
685	7859.9	90.7	104.6	1952.9	4.8	545.9
686	7859.9	97.4	90.1	1950.5	4	541
687	7859.9	97.8	90.1	1949.5	4	541
688	7859.9	94.8	90.1	1953	4	541
689	7859.9	94.8	90.1	1953	4	541
690	7859.9	101.5	88.6	1946.7	3.7	537.1
691	7859.9	101.6	88.6	1946.1	3.7	537.1
692	7859.9	96.4	88.6	1951.8	3.7	537.1
693	7859.9	96.4	88.6	1951.8	3.7	537.1
694	7859.9	95.7	88.6	1952.4	3.7	537.1
695	7859.9	94.7	88.7	1953.5	3.7	537.2
696	7859.9	94.7	88.7	1953.5	3.7	537.2
697	7859.9	93.3	88.7	1954.9	3.7	537.2
698	7859.9	89.7	88.8	1958.3	3.7	537.2
699	7859.9	107.2	84.1	1942.3	3.4	534.1
700	7859.9	96.3	92.7	1946.1	3.5	541.7
701	7859.9	94.1	92.9	1948.1	3.5	541.8
702	7859.9	106.8	80.2	1946.3	3.4	530.6
703	7859.9	90.1	80.1	1959.7	2.6	532.4
704	7859.9	79.2	46.2	1968.4	0.4	509.3
705	7859.9	82.2	62.1	1955.3	0.7	498
706	7859.9	80.5	57.4	1954.9	1	495.5
707	7859.9	76.5	55.2	1934.1	0.9	501.2
708	7859.9	83.4	79.9	1912.6	0.9	512.1
709	7859.9	67.2	51.8	1915.2	0.4	489.7
710	7859.9	67.4	57.3	1869.1	2.5	485.7
711	7859.9	84	104.4	1798.7	1.5	483.5
712	7859.9	95.9	113.8	1770	1.4	479.1
713	7859.9	103.1	118.1	1752.9	0.9	475.2
714	7859.9	95.4	124.8	1754.9	1.1	481.4
715	7859.9	93.2	126.6	1755.3	1.5	483.2
716	7859.9	93	126.7	1755.4	1.6	483.4
717	7859.9	83.9	135.6	1756.2	1.6	491.7
718	7859.9	75.9	135.6	1764.1	1.6	491.7
719	7859.9	88.8	125.5	1756	1.5	485.2
720	7859.9	88.6	125.9	1756	1.5	485.5
721	7859.9	94	131	1751.5	1.9	479.5
722	7859.9	87.7	130.3	1754	1.9	479.3
723	7859.9	82.9	132.4	1756.6	1.9	481.8
724	7859.9	85.2	125	1755.3	2	478.2
725	7859.9	75.5	124.6	1764.2	2	478.3
726	7859.9	85.9	117.9	1759.3	1.5	476.2
727	7859.9	85.2	118.1	1759.6	1.8	476.6
728	7859.9	82.7	121	1758.9	1.8	475.8
729	7859.9	77.7	125.4	1761.8	1.8	478.1
730	7859.9	81.8	127.4	1748.3	1.7	479
731	7859.9	99.5	98.2	1740.5	2.7	465.1
732	7859.9	99	98.5	1740.6	2.7	465.2
733	7859.9	97.4	98.5	1741.1	2.8	466.2
734	7859.9	92.8	101.9	1743.1	2.8	469.4
735	7859.9	92.8	101.7	1743.2	2.8	469.4
736	7859.9	152.4	101.6	1682.4	2.8	469.4
737	7859.9	397.7	109.6	1432.3	2.8	476
738	7859.9	462.6	128.1	1368.1	2.8	478.6
739	7859.9	389.9	256	1376.4	2.8	597.5
740	7859.9	5890.6	256.9	202.5	2.9	185.6
741	7859.9	5882.5	265.5	205.8	3	190.5
742	7859.9	5882.6	265.4	205.9	3	190.6
743	7859.9	5882.6	265.4	205.9	3	190.6
744	7859.9	5882.1	265.8	206	3	191.1
745	7859.9	5881.5	266.1	206	3	191.4
746	7859.9	5875.8	271.2	206.3	3.1	196.7
747	7859.9	5875.5	271.8	206.4	3.1	197.4
748	7859.9	5875.5	271.8	206.4	3.1	197.4
749	7859.9	5875	271.8	207	3.2	197.6
750	7859.9	5872.3	273.6	207.9	3.7	199
751	7859.9	5872.3	273.6	207.9	3.7	199
752	7859.9	5867.2	275.5	209.5	3.7	204
753	7859.9	5865.2	276.8	209.5	3.7	205.2
754	7859.9	5865.2	276.8	209.5	3.7	205.2
755	7859.9	5865.2	276.8	209.5	3.7	205.2
756	7859.9	5864.7	277.4	210	3.9	205.3
757	7859.9	5864.6	277.4	210.2	3.9	205.3
758	7859.9	5864.6	277.4	210.2	3.9	205.3
759	7859.9	5864.6	277.4	210.2	3.9	205.3
760	7859.9	5864.6	277.4	210.2	3.9	205.3
761	7859.9	5864.6	277.4	210.2	3.9	205.3
